s(m), v_par(m/s), v_perp(m/s)
0, 153505, 572888
1535.05, 153504, 572895
3070.09, 153503, 572902
4605.11, 153502, 572909
6140.12, 153499, 572916
7675.09, 153496, 572923
9210.04, 153492, 572930
10744.9, 153488, 572937
12279.8, 153482, 572944
13814.6, 153476, 572951
15349.3, 153470, 572958
16884, 153462, 572965
18418.6, 153454, 572972
19953.1, 153446, 572979
21487.5, 153436, 572986
23021.8, 153426, 572993
24556, 153415, 573000
26090.1, 153404, 573007
27624.1, 153391, 573014
29157.9, 153378, 573021
30691.6, 153365, 573028
32225.2, 153350, 573035
33758.6, 153335, 573042
35291.9, 153320, 573049
36825, 153303, 573056
38358, 153286, 573063
39890.7, 153268, 573070
41423.3, 153250, 573077
42955.7, 153230, 573084
44487.9, 153210, 573091
46019.9, 153190, 573098
47551.7, 153168, 573105
49083.3, 153146, 573112
50614.6, 153124, 573119
52145.8, 153100, 573126
53676.6, 153076, 573133
55207.3, 153051, 573140
56737.7, 153026, 573147
58267.8, 152999, 573154
59797.6, 152972, 573161
61327.2, 152945, 573168
62856.5, 152916, 573175
64385.6, 152887, 573182
65914.3, 152858, 573189
67442.7, 152827, 573196
68970.8, 152796, 573203
70498.6, 152764, 573210
72026.1, 152732, 573217
73553.3, 152699, 573224
75080.1, 152665, 573231
76606.6, 152630, 573238
78132.7, 152595, 573245
79658.5, 152559, 573252
81183.9, 152522, 573259
82708.9, 152485, 573265
84233.6, 152447, 573272
85757.8, 152408, 573279
87281.7, 152368, 573286
88805.2, 152328, 573293
90328.3, 152287, 573300
91850.9, 152246, 573307
93373.2, 152204, 573314
94895, 152161, 573321
96416.4, 152117, 573328
97937.3, 152073, 573335
99457.8, 152028, 573342
100978, 151982, 573349
102497, 151935, 573356
104017, 151888, 573363
105535, 151840, 573370
107053, 151792, 573377
108571, 151743, 573384
110088, 151693, 573390
111605, 151642, 573397
113121, 151591, 573404
114637, 151539, 573411
116152, 151486, 573431
117666, 151433, 573452
119181, 151379, 573473
120694, 151324, 573493
122207, 151269, 573514
123719, 151213, 573535
125231, 151156, 573555
126743, 151099, 573576
128253, 151040, 573597
129763, 150981, 573617
131273, 150922, 573638
132782, 150862, 573659
134290, 150801, 573679
135798, 150739, 573700
137305, 150677, 573721
138811, 150614, 573741
140317, 150550, 573762
141822, 150486, 573783
143327, 150421, 573803
144831, 150355, 573824
146334, 150289, 573844
147837, 150221, 573865
149338, 150154, 573885
150840, 150085, 573906
152340, 150016, 573926
153840, 149946, 573947
155339, 149876, 573967
156837, 149804, 573988
158335, 149732, 574008
159832, 149660, 574029
161328, 149587, 574049
162824, 149513, 574070
164319, 149438, 574090
165813, 149363, 574111
167306, 149287, 574131
168798, 149210, 574152
170290, 149133, 574172
171781, 149055, 574192
173271, 148976, 574213
174760, 148897, 574233
176249, 148816, 574253
177737, 148736, 574274
179224, 148654, 574294
180710, 148572, 574314
182195, 148489, 574335
183680, 148406, 574355
185163, 148322, 574375
186646, 148237, 574396
188128, 148151, 574416
189609, 148065, 574436
191089, 147978, 574456
192569, 147891, 574477
194047, 147803, 574497
195525, 147714, 574517
197001, 147624, 574537
198477, 147534, 574557
199952, 147443, 574578
201426, 147351, 574598
202899, 147259, 574618
204371, 147166, 574638
205842, 147073, 574658
207313, 146978, 574678
208782, 146884, 574698
210250, 146788, 574718
211718, 146692, 574738
213184, 146595, 574758
214650, 146497, 574778
216114, 146399, 574798
217578, 146300, 574818
219040, 146200, 574838
220502, 146100, 574858
221962, 145999, 574878
223422, 145897, 574898
224880, 145795, 574918
226338, 145692, 574938
227794, 145589, 574958
229249, 145484, 574978
230704, 145379, 575009
232157, 145274, 575042
233609, 145168, 575075
235060, 145061, 575108
236510, 144953, 575141
237959, 144845, 575174
239407, 144736, 575207
240854, 144626, 575240
242300, 144516, 575273
243744, 144405, 575306
245188, 144294, 575339
246630, 144181, 575371
248071, 144069, 575404
249512, 143955, 575437
250951, 143841, 575470
252388, 143726, 575502
253825, 143611, 575535
255261, 143494, 575568
256695, 143378, 575600
258128, 143260, 575633
259560, 143142, 575665
260991, 143023, 575698
262421, 142904, 575730
263849, 142784, 575763
265276, 142663, 575795
266702, 142542, 575828
268127, 142420, 575860
269551, 142297, 575892
270973, 142174, 575925
272394, 142050, 575957
273814, 141925, 575989
275233, 141800, 576022
276650, 141674, 576054
278066, 141547, 576086
279481, 141420, 576118
280895, 141292, 576150
282307, 141164, 576182
283718, 141035, 576214
285128, 140905, 576246
286536, 140775, 576278
287943, 140644, 576310
289349, 140512, 576342
290753, 140380, 576374
292156, 140247, 576406
293558, 140113, 576438
294959, 139979, 576470
296358, 139844, 576501
297756, 139708, 576533
299152, 139572, 576565
300547, 139435, 576596
301941, 139298, 576628
303333, 139160, 576660
304724, 139021, 576691
306113, 138882, 576723
307501, 138742, 576754
308888, 138601, 576786
310273, 138460, 576817
311657, 138318, 576849
313040, 138175, 576880
314421, 138032, 576911
315800, 137888, 576943
317179, 137744, 576974
318555, 137599, 577005
319931, 137453, 577036
321304, 137307, 577067
322677, 137160, 577099
324048, 137012, 577130
325417, 136864, 577161
326785, 136716, 577192
328151, 136566, 577223
329516, 136416, 577254
330880, 136265, 577284
332242, 136114, 577315
333602, 135962, 577346
334961, 135810, 577377
336318, 135657, 577408
337674, 135503, 577439
339028, 135348, 577469
340381, 135193, 577500
341732, 135038, 577530
343082, 134882, 577561
344430, 134725, 577594
345776, 134567, 577636
347121, 134409, 577679
348464, 134250, 577722
349806, 134091, 577764
351146, 133931, 577807
352485, 133771, 577849
353821, 133610, 577892
355157, 133448, 577934
356490, 133285, 577976
357822, 133122, 578018
359153, 132959, 578061
360482, 132795, 578103
361809, 132630, 578145
363134, 132465, 578187
364458, 132299, 578229
365780, 132132, 578271
367101, 131965, 578312
368420, 131797, 578354
369737, 131629, 578396
371052, 131460, 578438
372366, 131290, 578479
373678, 131120, 578521
374988, 130949, 578562
376297, 130778, 578604
377604, 130606, 578645
378909, 130433, 578686
380212, 130260, 578728
381514, 130086, 578769
382814, 129912, 578810
384112, 129737, 578851
385409, 129561, 578892
386704, 129385, 578933
387997, 129208, 578974
389288, 129031, 579015
390577, 128853, 579056
391865, 128674, 579097
393151, 128495, 579137
394435, 128316, 579178
395717, 128135, 579218
396997, 127955, 579259
398276, 127773, 579299
399553, 127591, 579340
400828, 127408, 579380
402101, 127225, 579420
403372, 127042, 579461
404642, 126857, 579501
405910, 126672, 579541
407175, 126487, 579581
408439, 126301, 579621
409701, 126114, 579661
410962, 125927, 579700
412220, 125739, 579740
413476, 125551, 579780
414731, 125362, 579820
415984, 125172, 579859
417234, 124982, 579899
418483, 124791, 579938
419730, 124600, 579978
420975, 124408, 580017
422218, 124216, 580056
423460, 124023, 580095
424699, 123830, 580134
425936, 123635, 580174
427171, 123441, 580213
428405, 123246, 580252
429636, 123050, 580290
430866, 122854, 580329
432093, 122657, 580368
433319, 122459, 580407
434543, 122261, 580445
435764, 122063, 580484
436984, 121864, 580522
438202, 121664, 580561
439417, 121464, 580599
440631, 121263, 580637
441842, 121062, 580676
443052, 120860, 580714
444260, 120657, 580752
445465, 120454, 580790
446669, 120251, 580828
447870, 120047, 580866
449070, 119842, 580904
450267, 119637, 580941
451462, 119431, 580979
452656, 119225, 581017
453847, 119018, 581054
455036, 118811, 581092
456223, 118603, 581129
457408, 118394, 581167
458591, 118185, 581204
459772, 117976, 581249
460951, 117766, 581297
462127, 117555, 581344
463302, 117344, 581392
464474, 117132, 581439
465644, 116920, 581487
466812, 116708, 581534
467978, 116494, 581581
469142, 116280, 581628
470304, 116066, 581675
471464, 115851, 581722
472621, 115636, 581769
473776, 115420, 581816
474929, 115204, 581863
476080, 114987, 581909
477229, 114769, 581956
478376, 114551, 582002
479520, 114333, 582049
480662, 114113, 582095
481802, 113894, 582141
482940, 113674, 582187
484076, 113453, 582233
485209, 113232, 582279
486341, 113010, 582325
487470, 112788, 582370
488596, 112566, 582416
489721, 112342, 582461
490843, 112119, 582507
491963, 111894, 582552
493081, 111670, 582597
494197, 111444, 582642
495310, 111219, 582687
496421, 110992, 582732
497530, 110766, 582777
498636, 110538, 582822
499741, 110311, 582866
500843, 110082, 582911
501942, 109854, 582955
503040, 109624, 583000
504135, 109395, 583044
505227, 109164, 583088
506318, 108933, 583132
507406, 108702, 583176
508492, 108470, 583220
509576, 108238, 583264
510657, 108005, 583307
511736, 107772, 583351
512812, 107538, 583394
513886, 107304, 583438
514958, 107069, 583481
516028, 106834, 583524
517095, 106599, 583567
518160, 106362, 583610
519222, 106126, 583653
520282, 105889, 583696
521340, 105651, 583739
522395, 105413, 583781
523448, 105174, 583824
524499, 104935, 583866
525547, 104696, 583908
526593, 104455, 583951
527636, 104215, 583993
528677, 103974, 584035
529716, 103733, 584077
530752, 103491, 584118
531785, 103248, 584160
532817, 103005, 584202
533845, 102762, 584243
534872, 102518, 584285
535896, 102274, 584326
536917, 102029, 584367
537936, 101784, 584408
538953, 101538, 584449
539967, 101292, 584490
540979, 101045, 584531
541988, 100798, 584571
542995, 100551, 584612
543999, 100303, 584652
545001, 100054, 584693
546000, 99805.5, 584733
546997, 99556.1, 584773
547991, 99306.3, 584813
548983, 99056, 584853
549972, 98805.3, 584893
550959, 98554.2, 584933
551943, 98302.5, 584972
552925, 98050.5, 585012
553904, 97797.9, 585051
554881, 97545, 585091
555855, 97291.6, 585130
556827, 97037.7, 585169
557796, 96783.4, 585208
558763, 96528.7, 585247
559727, 96273.5, 585286
560688, 96017.9, 585325
561647, 95761.9, 585363
562603, 95505.4, 585402
563557, 95248.4, 585440
564508, 94991.1, 585478
565457, 94733.3, 585516
566403, 94475.1, 585554
567346, 94216.4, 585592
568287, 93957.3, 585630
569226, 93697.8, 585668
570161, 93437.9, 585706
571094, 93177.5, 585743
572025, 92916.7, 585781
572953, 92655.5, 585818
573878, 92393.8, 585857
574801, 92131.8, 585902
575721, 91869.3, 585948
576638, 91606.4, 585993
577553, 91343.1, 586038
578465, 91079.3, 586083
579374, 90815.2, 586127
580281, 90550.6, 586172
581185, 90285.6, 586216
582087, 90020.3, 586260
582986, 89754.4, 586305
583882, 89488.2, 586349
584775, 89221.6, 586392
585666, 88954.6, 586436
586555, 88687.2, 586480
587440, 88419.3, 586523
588323, 88151.1, 586567
589203, 87882.4, 586610
590081, 87613.4, 586653
590955, 87343.9, 586696
591827, 87074.1, 586739
592697, 86803.9, 586781
593564, 86533.2, 586824
594428, 86262.2, 586866
595289, 85990.8, 586908
596147, 85719, 586951
597003, 85446.7, 586993
597856, 85174.1, 587034
598707, 84901.2, 587076
599554, 84627.8, 587118
600399, 84354, 587159
601241, 84079.9, 587200
602081, 83805.3, 587242
602918, 83530.4, 587283
603751, 83255.1, 587323
604583, 82979.5, 587364
605411, 82703.4, 587405
606237, 82427, 587445
607060, 82150.2, 587486
607880, 81873, 587526
608697, 81595.5, 587566
609512, 81317.5, 587606
610323, 81039.2, 587646
611132, 80760.6, 587685
611939, 80481.5, 587725
612742, 80202.1, 587764
613543, 79922.4, 587803
614340, 79642.2, 587842
615135, 79361.7, 587881
615928, 79080.9, 587920
616717, 78799.7, 587959
617504, 78518.1, 587997
618287, 78236.1, 588036
619068, 77953.9, 588074
619847, 77671.2, 588112
620622, 77388.2, 588150
621394, 77104.8, 588188
622164, 76821.1, 588225
622931, 76537.1, 588263
623695, 76252.7, 588300
624456, 75967.9, 588338
625214, 75682.8, 588375
625969, 75397.4, 588412
626722, 75111.6, 588448
627472, 74825.4, 588485
628218, 74539, 588522
628962, 74252.1, 588558
629704, 73965, 588594
630442, 73677.5, 588630
631177, 73389.7, 588666
631910, 73101.5, 588702
632639, 72813, 588738
633366, 72524.2, 588773
634090, 72235, 588809
634810, 71945.5, 588844
635528, 71655.7, 588879
636244, 71365.6, 588914
636956, 71075.1, 588949
637665, 70784.3, 588984
638371, 70493.2, 589018
639075, 70201.7, 589053
639776, 69910, 589087
640473, 69617.9, 589121
641168, 69325.5, 589155
641860, 69032.8, 589189
642549, 68739.8, 589222
643234, 68446.4, 589256
643917, 68152.8, 589289
644597, 67858.8, 589322
645275, 67564.5, 589356
645949, 67269.9, 589388
646620, 66975, 589421
647288, 66679.9, 589454
647954, 66384.4, 589486
648616, 66088.6, 589519
649275, 65792.4, 589551
649932, 65496, 589583
650585, 65199.3, 589615
651236, 64902.3, 589647
651883, 64605, 589678
652528, 64307.4, 589710
653169, 64009.6, 589741
653808, 63711.4, 589772
654444, 63412.9, 589803
655076, 63114.2, 589834
655706, 62815.1, 589865
656333, 62515.8, 589896
656956, 62216.2, 589926
657577, 61916.3, 589956
658195, 61616.1, 589986
658809, 61315.6, 590016
659421, 61014.9, 590046
660030, 60713.9, 590076
660635, 60412.6, 590105
661238, 60111, 590135
661837, 59809.1, 590164
662434, 59507, 590193
663028, 59204.6, 590222
663618, 58901.9, 590251
664206, 58599, 590280
664790, 58295.8, 590308
665372, 57992.3, 590337
665950, 57688.6, 590365
666525, 57384.6, 590393
667098, 57080.4, 590421
667667, 56775.8, 590448
668233, 56471.1, 590476
668796, 56166, 590504
669356, 55860.8, 590531
669914, 55555.2, 590558
670468, 55249.4, 590585
671019, 54943.4, 590612
671566, 54637.1, 590639
672111, 54330.5, 590665
672653, 54023.7, 590692
673192, 53716.7, 590718
673727, 53409.4, 590744
674260, 53101.8, 590770
674789, 52794.1, 590796
675316, 52486.1, 590821
675839, 52177.8, 590847
676359, 51869.3, 590872
676877, 51560.6, 590897
677391, 51251.6, 590922
677902, 50942.4, 590947
678409, 50633, 590972
678914, 50323.3, 590997
679416, 50013.4, 591021
679914, 49703.3, 591045
680410, 49392.9, 591070
680902, 49082.4, 591094
681392, 48771.6, 591117
681878, 48460.6, 591141
682361, 48149.3, 591165
682841, 47837.9, 591188
683318, 47526.2, 591211
683791, 47214.3, 591234
684262, 46902.2, 591257
684729, 46589.8, 591280
685194, 46277.3, 591303
685655, 45964.6, 591325
686113, 45651.6, 591347
686568, 45338.4, 591369
687020, 45025.1, 591391
687468, 44711.5, 591413
687914, 44397.7, 591435
688356, 44083.7, 591457
688796, 43769.5, 591482
689232, 43455.1, 591507
689665, 43140.6, 591532
690095, 42825.8, 591556
690521, 42510.8, 591581
690945, 42195.6, 591605
691365, 41880.3, 591629
691782, 41564.7, 591653
692196, 41249, 591677
692607, 40933, 591701
693015, 40616.9, 591724
693420, 40300.6, 591747
693821, 39984.1, 591771
694219, 39667.4, 591793
694614, 39350.6, 591816
695006, 39033.6, 591839
695395, 38716.4, 591861
695781, 38399, 591883
696163, 38081.4, 591905
696542, 37763.7, 591927
696918, 37445.8, 591949
697291, 37127.7, 591970
697661, 36809.4, 591991
698027, 36491, 592012
698391, 36172.4, 592033
698751, 35853.7, 592054
699108, 35534.8, 592074
699462, 35215.7, 592095
699812, 34896.5, 592115
700160, 34577.1, 592135
700504, 34257.5, 592155
700845, 33937.8, 592174
701182, 33618, 592194
701517, 33297.9, 592213
701848, 32977.8, 592232
702177, 32657.5, 592251
702502, 32337, 592269
702823, 32016.4, 592288
703142, 31695.6, 592306
703457, 31374.7, 592324
703769, 31053.7, 592342
704078, 30732.5, 592360
704384, 30411.1, 592378
704687, 30089.7, 592395
704986, 29768.1, 592412
705282, 29446.3, 592429
705575, 29124.4, 592446
705864, 28802.4, 592463
706151, 28480.3, 592479
706434, 28158, 592495
706714, 27835.6, 592511
706991, 27513.1, 592527
707264, 27190.5, 592543
707534, 26867.7, 592559
707802, 26544.8, 592574
708065, 26221.8, 592589
708326, 25898.6, 592604
708583, 25575.4, 592619
708838, 25252, 592633
709088, 24928.5, 592648
709336, 24604.9, 592662
709581, 24281.2, 592676
709822, 23957.4, 592690
710060, 23633.4, 592704
710294, 23309.4, 592717
710526, 22985.2, 592730
710754, 22661, 592743
710979, 22336.6, 592756
711201, 22012.2, 592769
711419, 21687.6, 592782
711635, 21362.9, 592794
711847, 21038.2, 592806
712055, 20713.3, 592818
712261, 20388.4, 592830
712463, 20063.3, 592842
712662, 19738.2, 592853
712858, 19413, 592864
713050, 19087.7, 592875
713240, 18762.3, 592886
713426, 18436.8, 592897
713608, 18111.2, 592907
713788, 17785.6, 592918
713964, 17459.8, 592928
714137, 17134, 592938
714307, 16808.1, 592947
714473, 16482.2, 592957
714636, 16156.1, 592966
714796, 15830, 592975
714953, 15503.8, 592984
715106, 15177.6, 592993
715257, 14851.3, 593002
715403, 14524.9, 593010
715547, 14198.4, 593019
715687, 13871.9, 593027
715824, 13545.3, 593034
715958, 13218.6, 593042
716089, 12891.9, 593050
716216, 12565.2, 593057
716340, 12238.3, 593064
716461, 11911.4, 593071
716578, 11584.5, 593078
716693, 11257.5, 593084
716804, 10930.5, 593091
716911, 10603.4, 593097
717016, 10276.2, 593103
717117, 9949.06, 593109
717215, 9621.83, 593114
717309, 9294.55, 593120
717400, 8967.23, 593125
717488, 8639.88, 593130
717573, 8312.48, 593135
717655, 7985.04, 593139
717733, 7657.57, 593144
717808, 7330.06, 593148
717880, 7002.52, 593152
717948, 6674.95, 593156
718013, 6347.34, 593160
718075, 6019.71, 593164
718133, 5692.05, 593167
718189, 5364.36, 593170
718241, 5036.65, 593173
718289, 4708.92, 593176
718335, 4381.16, 593178
718377, 4053.39, 593181
718416, 3725.59, 593183
718452, 3397.78, 593185
718484, 3069.96, 593187
718513, 2742.12, 593189
718539, 2414.27, 593190
718561, 2086.4, 593191
718580, 1758.53, 593193
718596, 1430.65, 593193
718609, 1102.76, 593194
718618, 774.867, 593195
718625, 446.971, 593195
718627, 119.072, 593195
718627, -208.826, 593195
718623, -536.724, 593195
718616, -864.62, 593195
718606, -1192.51, 593194
718592, -1520.4, 593193
718576, -1848.28, 593192
718555, -2176.15, 593191
718532, -2504.01, 593190
718505, -2831.86, 593188
718475, -3159.69, 593187
718442, -3487.52, 593185
718406, -3815.32, 593183
718366, -4143.11, 593180
718323, -4470.88, 593178
718276, -4798.63, 593175
718227, -5126.36, 593172
718174, -5454.06, 593169
718118, -5781.74, 593166
718058, -6109.39, 593163
717996, -6437.02, 593159
717930, -6764.61, 593155
717860, -7092.18, 593151
717788, -7419.71, 593147
717712, -7747.21, 593143
717633, -8074.67, 593138
717550, -8402.1, 593133
717465, -8729.49, 593129
717376, -9056.83, 593123
717284, -9384.14, 593118
717188, -9711.4, 593113
717089, -10038.6, 593107
716987, -10365.8, 593101
716882, -10692.9, 593095
716773, -11020, 593089
716662, -11347, 593082
716547, -11674, 593076
716428, -12000.9, 593069
716307, -12327.8, 593062
716182, -12654.6, 593055
716053, -12981.4, 593048
715922, -13308.1, 593040
715787, -13634.7, 593032
715649, -13961.3, 593024
715508, -14287.8, 593016
715364, -14614.2, 593008
715216, -14940.6, 593000
715065, -15266.9, 592991
714910, -15593.1, 592982
714753, -15919.3, 592973
714592, -16245.4, 592964
714428, -16571.4, 592954
714261, -16897.4, 592945
714090, -17223.2, 592935
713916, -17549, 592925
713739, -17874.7, 592915
713559, -18200.4, 592904
713375, -18525.9, 592894
713188, -18851.4, 592883
712998, -19176.7, 592872
712805, -19502, 592861
712608, -19827.2, 592850
712408, -20152.3, 592838
712205, -20477.3, 592827
711998, -20802.3, 592815
711789, -21127.1, 592803
711576, -21451.8, 592791
711360, -21776.4, 592778
711140, -22101, 592766
710918, -22425.4, 592753
710692, -22749.7, 592740
710463, -23074, 592727
710230, -23398.1, 592713
709995, -23722.1, 592700
709756, -24046, 592686
709514, -24369.8, 592672
709269, -24693.5, 592658
709020, -25017.1, 592644
708768, -25340.5, 592629
708513, -25663.9, 592615
708255, -25987.1, 592600
707993, -26310.2, 592585
707729, -26633.2, 592570
707461, -26956, 592554
707190, -27278.8, 592539
706915, -27601.4, 592523
706638, -27923.9, 592507
706357, -28246.3, 592491
706073, -28568.5, 592475
705785, -28890.6, 592458
705495, -29212.6, 592441
705201, -29534.4, 592425
704904, -29856.1, 592408
704604, -30177.7, 592390
704301, -30499.1, 592373
703994, -30820.4, 592355
703684, -31141.6, 592337
703371, -31462.6, 592319
703055, -31783.4, 592301
702736, -32104.2, 592283
702413, -32424.7, 592264
702087, -32745.2, 592246
701758, -33065.4, 592227
701426, -33385.6, 592208
701090, -33705.5, 592188
700752, -34025.3, 592169
700410, -34345, 592149
700065, -34664.5, 592129
699717, -34983.9, 592109
699365, -35303.1, 592089
699010, -35622.1, 592069
698653, -35941, 592048
698292, -36259.7, 592028
697927, -36578.2, 592007
697560, -36896.6, 591986
697190, -37214.8, 591964
696816, -37532.8, 591943
696439, -37850.7, 591921
696059, -38168.3, 591899
695675, -38485.9, 591877
695289, -38803.2, 591855
694899, -39120.4, 591833
694507, -39437.3, 591810
694111, -39754.1, 591787
693712, -40070.8, 591764
693309, -40387.2, 591741
692904, -40703.5, 591718
692495, -41019.5, 591694
692083, -41335.4, 591671
691668, -41651.1, 591647
691250, -41966.6, 591623
690829, -42281.9, 591598
690405, -42597, 591574
689977, -42912, 591549
689547, -43226.7, 591525
689113, -43541.2, 591500
688676, -43855.5, 591475
688236, -44169.7, 591451
687792, -44483.6, 591429
687346, -44797.3, 591407
686896, -45110.9, 591385
686444, -45424.2, 591363
685988, -45737.3, 591341
685529, -46050.2, 591319
685067, -46362.9, 591296
684602, -46675.4, 591274
684133, -46987.6, 591251
683662, -47299.7, 591228
683187, -47611.5, 591205
682710, -47923.1, 591182
682229, -48234.5, 591158
681745, -48545.7, 591135
681258, -48856.7, 591111
680768, -49167.4, 591087
680275, -49477.9, 591063
679778, -49788.2, 591039
679279, -50098.3, 591014
678776, -50408.1, 590990
678271, -50717.7, 590965
677762, -51027.1, 590941
677250, -51336.2, 590916
676735, -51645.1, 590891
676217, -51953.8, 590865
675696, -52262.2, 590840
675172, -52570.4, 590814
674645, -52878.3, 590789
674114, -53186, 590763
673581, -53493.5, 590737
673045, -53800.7, 590711
672505, -54107.7, 590684
671962, -54414.4, 590658
671417, -54720.9, 590631
670868, -55027.2, 590605
670316, -55333.1, 590578
669761, -55638.9, 590551
669203, -55944.3, 590523
668642, -56249.6, 590496
668078, -56554.5, 590469
667511, -56859.2, 590441
666941, -57163.7, 590413
666368, -57467.9, 590385
665792, -57771.8, 590357
665213, -58075.4, 590329
664630, -58378.8, 590300
664045, -58682, 590272
663457, -58984.8, 590243
662865, -59287.4, 590214
662271, -59589.7, 590185
661674, -59891.8, 590156
661073, -60193.6, 590127
660470, -60495.1, 590097
659863, -60796.3, 590068
659254, -61097.2, 590038
658641, -61397.9, 590008
658026, -61698.3, 589978
657407, -61998.4, 589948
656786, -62298.2, 589918
656161, -62597.7, 589887
655534, -62897, 589857
654903, -63196, 589826
654270, -63494.6, 589795
653634, -63793, 589764
652994, -64091.1, 589733
652352, -64388.9, 589701
651706, -64686.4, 589670
651058, -64983.7, 589638
650407, -65280.6, 589606
649752, -65577.2, 589574
649095, -65873.5, 589542
648435, -66169.5, 589510
647772, -66465.3, 589478
647106, -66760.7, 589445
646437, -67055.8, 589412
645765, -67350.6, 589379
645090, -67645.1, 589347
644412, -67939.3, 589313
643731, -68233.2, 589280
643047, -68526.7, 589247
642360, -68820, 589213
641671, -69112.9, 589179
640978, -69405.6, 589146
640282, -69697.9, 589112
639584, -69989.9, 589077
638883, -70281.5, 589043
638178, -70572.9, 589009
637471, -70863.9, 588974
636761, -71154.6, 588939
636048, -71445, 588905
635332, -71735.1, 588870
634613, -72024.8, 588834
633892, -72314.2, 588799
633167, -72603.3, 588764
632440, -72892, 588728
631709, -73180.4, 588692
630976, -73468.5, 588657
630240, -73756.2, 588621
629501, -74043.6, 588584
628759, -74330.7, 588548
628014, -74617.4, 588512
627267, -74903.8, 588475
626516, -75189.8, 588438
625763, -75475.5, 588402
625007, -75760.9, 588365
624248, -76045.9, 588327
623486, -76330.6, 588290
622721, -76614.9, 588253
621954, -76898.8, 588215
621183, -77182.4, 588177
620410, -77465.7, 588140
619634, -77748.6, 588102
618855, -78031.2, 588063
618073, -78313.4, 588025
617289, -78595.2, 587987
616501, -78876.7, 587948
615711, -79157.8, 587909
614918, -79438.6, 587871
614122, -79718.9, 587832
613324, -79999, 587793
612522, -80278.6, 587753
611718, -80557.9, 587714
610911, -80836.9, 587674
610101, -81115.4, 587635
609289, -81393.6, 587595
608474, -81671.5, 587555
607655, -81948.9, 587515
606835, -82226, 587475
606011, -82502.7, 587434
605185, -82779, 587394
604355, -83055, 587353
603523, -83330.5, 587312
602689, -83605.7, 587271
601851, -83880.5, 587230
601011, -84155, 587189
600168, -84429, 587148
599323, -84702.7, 587106
598474, -84975.9, 587065
597623, -85248.8, 587023
596769, -85521.3, 586981
595913, -85793.4, 586939
595053, -86065.1, 586897
594191, -86336.4, 586855
593327, -86607.3, 586812
592459, -86877.9, 586770
591589, -87148, 586727
590716, -87417.7, 586684
589841, -87687.1, 586641
588962, -87956, 586598
588082, -88224.5, 586555
587198, -88492.7, 586511
586312, -88760.4, 586468
585423, -89027.7, 586424
584531, -89294.6, 586380
583637, -89561.1, 586337
582740, -89827.2, 586292
581840, -90092.9, 586248
580938, -90358.2, 586204
580033, -90623.1, 586160
579126, -90887.5, 586115
578215, -91151.6, 586070
577303, -91415.2, 586025
576387, -91678.4, 585980
575469, -91941.2, 585935
574548, -92203.6, 585890
573625, -92465.5, 585845
572699, -92727, 585808
571770, -92988.1, 585770
570839, -93248.8, 585733
569905, -93509.1, 585695
568969, -93768.9, 585658
568030, -94028.3, 585620
567089, -94287.3, 585582
566144, -94545.8, 585544
565198, -94803.9, 585506
564248, -95061.6, 585468
563296, -95318.8, 585429
562342, -95575.6, 585391
561385, -95832, 585353
560425, -96087.9, 585314
559463, -96343.4, 585275
558498, -96598.5, 585236
557531, -96853.1, 585197
556561, -97107.3, 585158
555589, -97361, 585119
554614, -97614.3, 585080
553637, -97867.1, 585041
552657, -98119.5, 585001
551674, -98371.5, 584962
550689, -98622.9, 584922
549702, -98874, 584882
548712, -99124.6, 584842
547719, -99374.7, 584802
546724, -99624.4, 584762
545727, -99873.7, 584722
544727, -100122, 584682
543724, -100371, 584641
542719, -100619, 584601
541712, -100866, 584560
540702, -101113, 584520
539690, -101359, 584479
538675, -101605, 584438
537658, -101851, 584397
536638, -102096, 584356
535616, -102341, 584315
534591, -102585, 584273
533564, -102829, 584232
532535, -103072, 584190
531503, -103315, 584149
530468, -103557, 584107
529431, -103799, 584065
528392, -104040, 584023
527351, -104281, 583981
526307, -104521, 583939
525260, -104761, 583897
524211, -105001, 583855
523160, -105240, 583812
522107, -105478, 583770
521051, -105716, 583727
519992, -105953, 583684
518932, -106191, 583642
517869, -106427, 583599
516803, -106663, 583556
515735, -106899, 583513
514665, -107134, 583469
513593, -107368, 583426
512518, -107602, 583383
511441, -107836, 583339
510361, -108069, 583296
509279, -108302, 583252
508195, -108534, 583208
507109, -108766, 583164
506020, -108997, 583120
504929, -109227, 583076
503835, -109457, 583032
502739, -109687, 582988
501641, -109916, 582943
500541, -110145, 582899
499439, -110373, 582854
498334, -110601, 582810
497227, -110828, 582765
496117, -111054, 582720
495005, -111281, 582675
493891, -111506, 582630
492775, -111731, 582585
491657, -111956, 582540
490536, -112180, 582494
489413, -112403, 582449
488288, -112627, 582403
487161, -112849, 582358
486031, -113071, 582312
484899, -113293, 582266
483765, -113514, 582220
482629, -113734, 582174
481491, -113954, 582128
480350, -114173, 582082
479207, -114392, 582036
478062, -114611, 581990
476915, -114829, 581943
475766, -115046, 581897
474614, -115263, 581850
473460, -115479, 581803
472304, -115695, 581756
471146, -115910, 581710
469986, -116125, 581663
468824, -116339, 581616
467659, -116553, 581568
466493, -116766, 581521
465324, -116978, 581474
464153, -117190, 581426
462980, -117402, 581379
461805, -117613, 581331
460628, -117823, 581283
459449, -118033, 581236
458267, -118243, 581194
457084, -118452, 581156
455898, -118660, 581119
454711, -118868, 581082
453521, -119075, 581044
452329, -119281, 581006
451135, -119488, 580969
449939, -119693, 580931
448742, -119898, 580893
447542, -120103, 580855
446339, -120307, 580818
445135, -120510, 580780
443929, -120713, 580742
442721, -120915, 580703
441511, -121117, 580665
440299, -121318, 580627
439085, -121519, 580589
437868, -121719, 580550
436650, -121918, 580512
435430, -122117, 580473
434208, -122316, 580435
432984, -122513, 580396
431758, -122711, 580357
430530, -122907, 580319
429300, -123104, 580280
428068, -123299, 580241
426834, -123494, 580202
425598, -123689, 580163
424360, -123883, 580124
423120, -124076, 580085
421878, -124269, 580045
420635, -124461, 580006
419389, -124653, 579967
418142, -124844, 579927
416892, -125034, 579888
415641, -125224, 579848
414388, -125413, 579809
413133, -125602, 579769
411876, -125790, 579729
410617, -125978, 579690
409356, -126165, 579650
408093, -126352, 579610
406829, -126538, 579570
405563, -126723, 579530
404295, -126908, 579490
403025, -127092, 579450
401753, -127275, 579409
400479, -127458, 579369
399204, -127641, 579329
397926, -127823, 579288
396647, -128004, 579248
395366, -128185, 579207
394083, -128365, 579167
392799, -128544, 579126
391513, -128723, 579085
390224, -128902, 579045
388935, -129079, 579004
387643, -129257, 578963
386349, -129433, 578922
385054, -129609, 578881
383757, -129785, 578840
382458, -129959, 578799
381158, -130134, 578758
379856, -130307, 578716
378552, -130480, 578675
377246, -130653, 578634
375939, -130824, 578592
374630, -130996, 578551
373319, -131166, 578509
372006, -131336, 578468
370692, -131506, 578426
369376, -131675, 578385
368059, -131843, 578343
366739, -132011, 578301
365418, -132178, 578259
364096, -132344, 578217
362772, -132510, 578175
361446, -132675, 578133
360118, -132840, 578091
358789, -133004, 578049
357458, -133167, 578007
356126, -133330, 577965
354791, -133492, 577922
353456, -133654, 577880
352118, -133815, 577838
350779, -133975, 577795
349439, -134135, 577753
348097, -134294, 577710
346753, -134452, 577667
345408, -134610, 577625
344061, -134768, 577583
342712, -134924, 577553
341362, -135080, 577522
340011, -135236, 577491
338658, -135391, 577461
337303, -135545, 577430
335947, -135699, 577399
334589, -135851, 577369
333230, -136004, 577338
331869, -136156, 577307
330507, -136307, 577276
329143, -136457, 577245
327777, -136607, 577214
326411, -136756, 577183
325042, -136905, 577152
323673, -137053, 577121
322301, -137200, 577090
320928, -137347, 577059
319554, -137493, 577028
318179, -137639, 576996
316802, -137784, 576965
315423, -137928, 576934
314043, -138071, 576903
312662, -138214, 576871
311279, -138357, 576840
309894, -138498, 576809
308509, -138640, 576777
307122, -138780, 576746
305733, -138920, 576714
304343, -139059, 576683
302952, -139198, 576651
301559, -139335, 576619
300165, -139473, 576588
298770, -139609, 576556
297373, -139745, 576524
295975, -139881, 576493
294575, -140015, 576461
293175, -140150, 576429
291772, -140283, 576397
290369, -140416, 576365
288964, -140548, 576333
287558, -140679, 576302
286151, -140810, 576270
284742, -140941, 576238
283332, -141070, 576206
281920, -141199, 576173
280508, -141328, 576141
279094, -141455, 576109
277679, -141582, 576077
276262, -141709, 576045
274844, -141834, 576013
273426, -141959, 575980
272005, -142084, 575948
270584, -142208, 575916
269161, -142331, 575884
267737, -142453, 575851
266312, -142575, 575819
264886, -142696, 575786
263458, -142817, 575754
262029, -142937, 575721
260599, -143056, 575689
259168, -143175, 575656
257736, -143292, 575624
256302, -143410, 575591
254868, -143526, 575559
253432, -143642, 575526
251995, -143758, 575493
250557, -143872, 575461
249117, -143986, 575428
247677, -144100, 575395
246235, -144212, 575362
244793, -144324, 575330
243349, -144436, 575297
241904, -144546, 575264
240458, -144656, 575231
239011, -144766, 575198
237563, -144875, 575165
236113, -144983, 575132
234663, -145090, 575099
233212, -145197, 575066
231759, -145303, 575033
230306, -145408, 575000
228851, -145513, 574972
227395, -145617, 574952
225939, -145721, 574933
224481, -145823, 574913
223022, -145925, 574893
221562, -146027, 574873
220102, -146128, 574853
218640, -146228, 574833
217177, -146327, 574813
215713, -146426, 574793
214249, -146524, 574773
212783, -146621, 574753
211316, -146718, 574733
209849, -146814, 574713
208380, -146910, 574693
206910, -147004, 574673
205440, -147098, 574653
203968, -147192, 574632
202496, -147285, 574612
201023, -147377, 574592
199548, -147468, 574572
198073, -147559, 574552
196597, -147649, 574532
195120, -147738, 574511
193643, -147827, 574491
192164, -147915, 574471
190684, -148002, 574451
189204, -148089, 574431
187722, -148175, 574410
186240, -148260, 574390
184757, -148345, 574370
183273, -148429, 574350
181789, -148512, 574329
180303, -148595, 574309
178817, -148677, 574289
177330, -148758, 574268
175842, -148838, 574248
174353, -148918, 574228
172863, -148998, 574207
171373, -149076, 574187
169882, -149154, 574166
168390, -149231, 574146
166897, -149308, 574126
165404, -149383, 574105
163909, -149459, 574085
162415, -149533, 574064
160919, -149607, 574044
159422, -149680, 574023
157925, -149752, 574003
156427, -149824, 573982
154929, -149895, 573962
153429, -149965, 573941
151929, -150035, 573921
150429, -150104, 573900
148927, -150172, 573880
147425, -150240, 573859
145923, -150307, 573839
144419, -150373, 573818
142915, -150439, 573797
141410, -150503, 573777
139905, -150568, 573756
138399, -150631, 573736
136892, -150694, 573715
135385, -150756, 573694
133877, -150817, 573674
132369, -150878, 573653
130860, -150938, 573632
129350, -150998, 573612
127840, -151056, 573591
126329, -151114, 573570
124817, -151172, 573550
123305, -151228, 573529
121793, -151284, 573508
120280, -151339, 573488
118766, -151394, 573467
117252, -151448, 573446
115737, -151501, 573425
114222, -151553, 573409
112706, -151605, 573402
111190, -151656, 573395
109673, -151707, 573389
108156, -151756, 573382
106638, -151805, 573375
105120, -151854, 573368
103601, -151901, 573361
102082, -151948, 573354
100562, -151994, 573347
99041.7, -152040, 573340
97521.1, -152085, 573333
96000, -152129, 573326
94478.5, -152172, 573319
92956.5, -152215, 573312
91434.2, -152257, 573305
89911.4, -152299, 573298
88388.2, -152339, 573291
86864.6, -152379, 573284
85340.6, -152419, 573277
83816.3, -152457, 573271
82291.5, -152495, 573264
80766.4, -152532, 573257
79240.8, -152569, 573250
77715, -152605, 573243
76188.8, -152640, 573236
74662.2, -152674, 573229
73135.3, -152708, 573222
71608, -152741, 573215
70080.5, -152773, 573208
68552.6, -152805, 573201
67024.4, -152836, 573194
65495.9, -152866, 573187
63967.1, -152895, 573180
62438, -152924, 573173
60908.6, -152952, 573166
59378.9, -152980, 573159
57849, -153007, 573152
56318.8, -153033, 573145
54788.3, -153058, 573138
53257.6, -153083, 573131
51726.7, -153107, 573124
50195.5, -153130, 573117
48664.1, -153152, 573110
47132.4, -153174, 573103
45600.6, -153195, 573096
44068.5, -153216, 573089
42536.3, -153236, 573082
41003.8, -153255, 573075
39471.2, -153273, 573068
37938.4, -153291, 573061
36405.4, -153308, 573054
34872.2, -153324, 573047
33338.9, -153340, 573040
31805.4, -153354, 573033
30271.8, -153369, 573026
28738.1, -153382, 573019
27204.2, -153395, 573012
25670.2, -153407, 573005
24136, -153418, 572998
22601.8, -153429, 572991
21067.5, -153439, 572984
19533, -153448, 572977
17998.5, -153457, 572970
16463.9, -153465, 572963
14929.2, -153472, 572956
13394.5, -153478, 572949
11859.7, -153484, 572942
10324.8, -153489, 572935
8789.89, -153493, 572928
7254.94, -153497, 572921
5719.95, -153500, 572914
4184.94, -153502, 572907
2649.91, -153504, 572900
1114.87, -153505, 572893
-420.181, -153505, 572890
-1955.23, -153504, 572897
-3490.26, -153503, 572904
-5025.28, -153501, 572911
-6560.28, -153498, 572918
-8095.25, -153495, 572925
-9630.18, -153491, 572932
-11165.1, -153486, 572939
-12699.9, -153481, 572946
-14234.7, -153475, 572953
-15769.4, -153468, 572960
-17304, -153460, 572967
-18838.6, -153452, 572974
-20373.1, -153443, 572981
-21907.5, -153433, 572988
-23441.7, -153423, 572995
-24975.9, -153412, 573002
-26510, -153400, 573009
-28043.9, -153388, 573016
-29577.7, -153375, 573023
-31111.4, -153361, 573030
-32644.9, -153346, 573037
-34178.3, -153331, 573044
-35711.6, -153315, 573051
-37244.6, -153298, 573058
-38777.5, -153281, 573065
-40310.3, -153263, 573072
-41842.8, -153244, 573079
-43375.1, -153225, 573086
-44907.3, -153205, 573093
-46439.2, -153184, 573100
-47971, -153162, 573107
-49502.5, -153140, 573114
-51033.8, -153117, 573121
-52564.8, -153094, 573128
-54095.6, -153069, 573135
-55626.2, -153044, 573142
-57156.5, -153018, 573149
-58686.6, -152992, 573156
-60216.4, -152965, 573163
-61745.9, -152937, 573170
-63275.1, -152909, 573177
-64804, -152879, 573184
-66332.7, -152849, 573191
-67861, -152819, 573198
-69389.1, -152788, 573205
-70916.8, -152756, 573212
-72444.2, -152723, 573219
-73971.2, -152689, 573226
-75498, -152655, 573233
-77024.3, -152621, 573240
-78550.4, -152585, 573246
-80076, -152549, 573253
-81601.3, -152512, 573260
-83126.3, -152474, 573267
-84650.8, -152436, 573274
-86175, -152397, 573281
-87698.8, -152357, 573288
-89222.1, -152317, 573295
-90745.1, -152276, 573302
-92267.7, -152234, 573309
-93789.8, -152192, 573316
-95311.5, -152149, 573323
-96832.8, -152105, 573330
-98353.6, -152060, 573337
-99874, -152015, 573344
-101394, -151969, 573351
-102913, -151923, 573358
-104432, -151875, 573365
-105951, -151827, 573372
-107469, -151779, 573379
-108986, -151729, 573385
-110503, -151679, 573392
-112020, -151628, 573399
-113536, -151577, 573406
-115052, -151525, 573416
-116567, -151472, 573437
-118081, -151418, 573458
-119595, -151364, 573478
-121108, -151309, 573499
-122621, -151254, 573520
-124133, -151197, 573540
-125645, -151140, 573561
-127156, -151083, 573582
-128667, -151024, 573602
-130177, -150965, 573623
-131686, -150906, 573644
-133195, -150845, 573664
-134703, -150784, 573685
-136210, -150722, 573706
-137717, -150660, 573726
-139224, -150596, 573747
-140729, -150533, 573768
-142234, -150468, 573788
-143739, -150403, 573809
-145242, -150337, 573829
-146745, -150270, 573850
-148248, -150203, 573870
-149749, -150135, 573891
-151250, -150066, 573912
-152751, -149997, 573932
-154250, -149927, 573953
-155749, -149856, 573973
-157247, -149785, 573994
-158745, -149713, 574014
-160242, -149640, 574035
-161738, -149566, 574055
-163233, -149492, 574075
-164728, -149417, 574096
-166221, -149342, 574116
-167714, -149266, 574137
-169207, -149189, 574157
-170698, -149111, 574178
-172189, -149033, 574198
-173679, -148954, 574218
-175168, -148875, 574239
-176656, -148794, 574259
-178144, -148713, 574279
-179631, -148632, 574300
-181117, -148550, 574320
-182602, -148467, 574340
-184086, -148383, 574361
-185569, -148299, 574381
-187052, -148214, 574401
-188534, -148128, 574421
-190014, -148041, 574442
-191494, -147954, 574462
-192973, -147867, 574482
-194452, -147778, 574502
-195929, -147689, 574523
-197405, -147600, 574543
-198881, -147509, 574563
-200356, -147418, 574583
-201829, -147326, 574603
-203302, -147234, 574623
-204774, -147141, 574643
-206245, -147047, 574664
-207715, -146953, 574684
-209184, -146857, 574704
-210652, -146762, 574724
-212119, -146665, 574744
-213585, -146568, 574764
-215051, -146470, 574784
-216515, -146372, 574804
-217978, -146273, 574824
-219440, -146173, 574844
-220902, -146072, 574864
-222362, -145971, 574884
-223821, -145870, 574904
-225279, -145767, 574924
-226736, -145664, 574943
-228192, -145560, 574963
-229647, -145456, 574985
-231102, -145351, 575018
-232554, -145245, 575051
-234006, -145138, 575084
-235457, -145031, 575117
-236907, -144924, 575150
-238356, -144815, 575183
-239803, -144706, 575216
-241250, -144596, 575249
-242695, -144486, 575282
-244140, -144375, 575315
-245583, -144263, 575347
-247025, -144151, 575380
-248466, -144038, 575413
-249906, -143924, 575446
-251344, -143810, 575479
-252782, -143695, 575511
-254218, -143579, 575544
-255653, -143463, 575577
-257087, -143346, 575609
-258520, -143228, 575642
-259952, -143110, 575674
-261382, -142991, 575707
-262812, -142871, 575739
-264240, -142751, 575772
-265667, -142630, 575804
-267092, -142508, 575837
-268517, -142386, 575869
-269940, -142263, 575901
-271362, -142140, 575934
-272783, -142016, 575966
-274202, -141891, 575998
-275621, -141766, 576030
-277038, -141639, 576063
-278454, -141513, 576095
-279868, -141385, 576127
-281281, -141257, 576159
-282693, -141129, 576191
-284104, -140999, 576223
-285513, -140869, 576255
-286921, -140739, 576287
-288328, -140608, 576319
-289733, -140476, 576351
-291137, -140343, 576383
-292540, -140210, 576415
-293942, -140076, 576446
-295342, -139942, 576478
-296741, -139807, 576510
-298138, -139671, 576542
-299534, -139535, 576573
-300929, -139398, 576605
-302322, -139260, 576637
-303714, -139122, 576668
-305104, -138983, 576700
-306493, -138843, 576731
-307881, -138703, 576763
-309267, -138562, 576794
-310652, -138421, 576826
-312036, -138279, 576857
-313418, -138136, 576888
-314799, -137993, 576920
-316178, -137849, 576951
-317556, -137704, 576982
-318932, -137559, 577014
-320307, -137413, 577045
-321680, -137267, 577076
-323052, -137120, 577107
-324423, -136972, 577138
-325792, -136824, 577169
-327159, -136675, 577200
-328525, -136525, 577231
-329890, -136375, 577262
-331253, -136224, 577293
-332614, -136073, 577324
-333974, -135921, 577355
-335332, -135768, 577385
-336689, -135614, 577416
-338045, -135461, 577447
-339399, -135306, 577478
-340751, -135151, 577508
-342102, -134995, 577539
-343451, -134839, 577569
-344798, -134682, 577605
-346144, -134524, 577648
-347489, -134366, 577691
-348832, -134207, 577733
-350173, -134047, 577776
-351513, -133887, 577818
-352851, -133727, 577861
-354187, -133565, 577903
-355522, -133403, 577946
-356855, -133241, 577988
-358187, -133078, 578030
-359517, -132914, 578072
-360845, -132750, 578114
-362172, -132585, 578156
-363497, -132419, 578198
-364820, -132253, 578240
-366142, -132086, 578282
-367462, -131919, 578324
-368780, -131751, 578366
-370097, -131582, 578407
-371412, -131413, 578449
-372725, -131243, 578491
-374037, -131073, 578532
-375347, -130902, 578574
-376655, -130730, 578615
-377961, -130558, 578656
-379266, -130386, 578698
-380569, -130212, 578739
-381870, -130038, 578780
-383170, -129864, 578821
-384467, -129689, 578862
-385763, -129513, 578903
-387058, -129337, 578944
-388350, -129160, 578985
-389641, -128982, 579026
-390930, -128804, 579067
-392217, -128625, 579108
-393502, -128446, 579148
-394786, -128266, 579189
-396068, -128086, 579229
-397348, -127905, 579270
-398626, -127723, 579310
-399902, -127541, 579351
-401177, -127358, 579391
-402449, -127175, 579431
-403720, -126991, 579472
-404989, -126807, 579512
-406256, -126622, 579552
-407521, -126436, 579592
-408785, -126250, 579632
-410046, -126063, 579672
-411306, -125875, 579711
-412564, -125687, 579751
-413820, -125499, 579791
-415074, -125310, 579830
-416326, -125120, 579870
-417576, -124930, 579909
-418825, -124739, 579949
-420071, -124548, 579988
-421316, -124356, 580028
-422558, -124163, 580067
-423799, -123970, 580106
-425038, -123776, 580145
-426274, -123582, 580184
-427509, -123387, 580223
-428742, -123192, 580262
-429973, -122996, 580301
-431202, -122800, 580340
-432429, -122603, 580379
-433654, -122405, 580417
-434877, -122207, 580456
-436098, -122008, 580494
-437317, -121809, 580533
-438534, -121609, 580571
-439750, -121409, 580610
-440963, -121208, 580648
-442174, -121006, 580686
-443383, -120804, 580724
-444590, -120602, 580762
-445795, -120399, 580800
-446998, -120195, 580838
-448199, -119991, 580876
-449398, -119786, 580914
-450594, -119581, 580952
-451789, -119375, 580989
-452982, -119168, 581027
-454173, -118961, 581065
-455361, -118754, 581102
-456548, -118546, 581139
-457732, -118337, 581177
-458914, -118128, 581214
-460095, -117918, 581262
-461273, -117708, 581310
-462449, -117498, 581357
-463623, -117286, 581405
-464795, -117074, 581452
-465964, -116862, 581500
-467132, -116649, 581547
-468297, -116436, 581594
-469460, -116222, 581641
-470622, -116007, 581688
-471781, -115792, 581735
-472937, -115577, 581782
-474092, -115361, 581829
-475245, -115144, 581876
-476395, -114927, 581922
-477543, -114709, 581969
-478689, -114491, 582015
-479833, -114273, 582061
-480975, -114053, 582107
-482114, -113834, 582154
-483251, -113613, 582200
-484386, -113393, 582246
-485519, -113171, 582291
-486650, -112950, 582337
-487778, -112727, 582383
-488904, -112504, 582428
-490028, -112281, 582474
-491150, -112057, 582519
-492269, -111833, 582564
-493387, -111608, 582610
-494502, -111383, 582655
-495614, -111157, 582700
-496725, -110930, 582745
-497833, -110704, 582789
-498939, -110476, 582834
-500042, -110248, 582879
-501144, -110020, 582923
-502243, -109791, 582968
-503340, -109561, 583012
-504434, -109332, 583056
-505526, -109101, 583100
-506616, -108870, 583144
-507704, -108639, 583188
-508789, -108407, 583232
-509872, -108174, 583276
-510952, -107942, 583319
-512031, -107708, 583363
-513106, -107474, 583406
-514180, -107240, 583450
-515251, -107005, 583493
-516320, -106770, 583536
-517387, -106534, 583579
-518451, -106298, 583622
-519513, -106061, 583665
-520572, -105824, 583708
-521629, -105586, 583750
-522684, -105348, 583793
-523736, -105109, 583835
-524786, -104870, 583878
-525833, -104630, 583920
-526879, -104390, 583962
-527921, -104149, 584004
-528962, -103908, 584046
-529999, -103666, 584088
-531035, -103424, 584130
-532068, -103182, 584172
-533098, -102939, 584213
-534127, -102695, 584255
-535152, -102451, 584296
-536176, -102207, 584337
-537197, -101962, 584378
-538215, -101717, 584419
-539231, -101471, 584460
-540244, -101225, 584501
-541255, -100978, 584542
-542264, -100731, 584583
-543270, -100483, 584623
-544274, -100235, 584664
-545275, -99986.3, 584704
-546273, -99737.3, 584744
-547269, -99487.8, 584784
-548263, -99237.8, 584824
-549254, -98987.5, 584864
-550243, -98736.6, 584904
-551229, -98485.3, 584944
-552212, -98233.6, 584983
-553194, -97981.4, 585023
-554172, -97728.8, 585062
-555148, -97475.7, 585102
-556122, -97222.1, 585141
-557093, -96968.2, 585180
-558061, -96713.8, 585219
-559027, -96458.9, 585258
-559990, -96203.6, 585296
-560951, -95947.9, 585335
-561909, -95691.7, 585374
-562865, -95435.1, 585412
-563818, -95178, 585450
-564768, -94920.6, 585489
-565716, -94662.7, 585527
-566662, -94404.3, 585565
-567604, -94145.5, 585603
-568544, -93886.3, 585641
-569482, -93626.7, 585678
-570417, -93366.6, 585716
-571349, -93106.2, 585753
-572279, -92845.2, 585791
-573206, -92583.9, 585828
-574131, -92322.2, 585870
-575053, -92060, 585915
-575972, -91797.4, 585960
-576889, -91534.4, 586005
-577803, -91270.9, 586050
-578714, -91007.1, 586095
-579623, -90742.8, 586139
-580529, -90478.1, 586184
-581432, -90213, 586228
-582333, -89947.5, 586273
-583231, -89681.6, 586317
-584127, -89415.3, 586361
-585020, -89148.6, 586404
-585910, -88881.4, 586448
-586797, -88613.9, 586492
-587682, -88345.9, 586535
-588564, -88077.6, 586578
-589444, -87808.8, 586622
-590320, -87539.7, 586665
-591194, -87270.1, 586708
-592066, -87000.2, 586750
-592934, -86729.8, 586793
-593800, -86459.1, 586835
-594664, -86187.9, 586878
-595524, -85916.4, 586920
-596382, -85644.5, 586962
-597237, -85372.2, 587004
-598089, -85099.5, 587046
-598939, -84826.4, 587087
-599786, -84552.9, 587129
-600630, -84279, 587170
-601471, -84004.8, 587212
-602310, -83730.1, 587253
-603146, -83455.1, 587294
-603979, -83179.7, 587335
-604810, -82903.9, 587375
-605637, -82627.8, 587416
-606462, -82351.3, 587456
-607284, -82074.4, 587497
-608104, -81797.1, 587537
-608920, -81519.4, 587577
-609734, -81241.4, 587617
-610545, -80963, 587656
-611353, -80684.2, 587696
-612159, -80405.1, 587735
-612961, -80125.6, 587775
-613761, -79845.7, 587814
-614558, -79565.5, 587853
-615353, -79284.9, 587892
-616144, -79003.9, 587931
-616933, -78722.6, 587969
-617718, -78440.9, 588008
-618501, -78158.9, 588046
-619282, -77876.5, 588084
-620059, -77593.8, 588122
-620834, -77310.7, 588160
-621605, -77027.2, 588198
-622374, -76743.4, 588236
-623140, -76459.3, 588273
-623903, -76174.8, 588311
-624664, -75889.9, 588348
-625421, -75604.7, 588385
-626176, -75319.2, 588422
-626927, -75033.3, 588459
-627676, -74747.1, 588495
-628422, -74460.5, 588532
-629166, -74173.6, 588568
-629906, -73886.3, 588604
-630643, -73598.7, 588640
-631378, -73310.8, 588676
-632109, -73022.6, 588712
-632838, -72734, 588748
-633564, -72445.1, 588783
-634287, -72155.8, 588819
-635007, -71866.2, 588854
-635725, -71576.3, 588889
-636439, -71286.1, 588924
-637150, -70995.5, 588958
-637859, -70704.6, 588993
-638564, -70413.4, 589028
-639267, -70121.9, 589062
-639967, -69830.1, 589096
-640664, -69537.9, 589130
-641358, -69245.4, 589164
-642048, -68952.6, 589198
-642737, -68659.5, 589232
-643422, -68366.1, 589265
-644104, -68072.3, 589298
-644783, -67778.3, 589332
-645459, -67483.9, 589365
-646133, -67189.3, 589397
-646803, -66894.3, 589430
-647471, -66599, 589463
-648135, -66303.4, 589495
-648797, -66007.5, 589528
-649455, -65711.3, 589560
-650111, -65414.9, 589592

